Size of string 1: 0
Size of string 2: 1
Size of string 3: 6
Size of string 4: 0
2 2 2 2 2 2 2 2 2 2 

41 95 118 85 19 

16 94 123 95 99 108 109 101 120 103 29 138 116 157 149 47 139 108 130 127 52 31 117 74 134 60 125 47 154 182 98 78 41 112 160 93 33 133 143 118 162 47 61 110 48 68 52 116 111 104 79 104 54 108 76 44 146 47 106 32 55 60 179 141 38 78 163 121 183 73 133 159 190 117 42 57 25 79 66 112 83 101 23 94 55 44 114 113 128 41 70 82 35 144 89 57 67 90 76 80 118 109 131 101 137 92 117 47 71 145 63 180 15 153 143 57 80 72 142 104 152 97 99 113 78 108 116 84 63 157 15 124 140 127 123 106 162 115 107 54 87 108 79 166 92 60 98 33 163 45 88 81 165 142 64 101 33 97 71 113 85 99 76 83 47 124 88 137 25 89 39 100 180 98 106 68 8 77 103 104 47 79 93 64 91 47 89 108 98 107 131 22 137 100 83 148 113 83 163 68 92 119 79 103 75 155 71 70 78 83 171 72 89 85 86 93 65 129 141 140 28 115 60 78 186 99 149 152 80 150 17 138 120 83 141 68 45 53 118 88 129 99 161 128 55 169 29 149 138 61 102 139 95 148 135 116 62 70 154 49 71 85 25 87 50 121 55 46 158 98 111 72 78 41 62 43 83 141 22 95 67 15 62 37 197 60 82 50 80 37 68 56 105 176 128 53 54 88 105 140 137 131 33 99 18 113 177 139 47 38 23 68 60 87 82 165 129 119 36 75 190 155 97 57 45 88 30 121 108 35 64 99 101 131 44 110 92 117 104 83 83 142 117 83 147 161 45 137 86 146 128 101 108 117 29 143 90 65 98 149 38 112 105 65 79 109 76 84 117 65 50 117 49 132 52 98 66 166 138 77 14 80 73 114 73 125 77 87 129 113 153 64 81 130 112 116 40 55 93 98 91 10 57 117 80 147 108 24 72 101 133 55 95 98 13 183 37 125 108 159 41 99 85 174 72 142 173 172 51 152 122 73 103 40 84 106 11 94 110 62 95 101 124 128 44 133 6 30 112 154 148 71 103 98 140 35 114 118 172 60 161 149 95 138 138 93 53 43 82 110 76 78 100 71 86 78 72 95 73 117 94 65 134 78 162 43 155 103 178 148 51 130 38 117 96 79 117 159 155 119 93 83 88 22 179 119 127 74 55 20 112 62 31 24 44 84 78 121 87 175 86 91 50 45 4 114 69 75 68 47 77 111 118 76 7 101 81 110 40 39 115 89 34 122 92 113 48 133 95 94 48 158 184 135 39 127 124 130 100 120 46 5 128 82 174 84 155 103 99 160 169 122 52 173 64 59 61 123 39 118 149 44 131 82 107 126 136 76 122 156 85 108 18 71 110 116 112 60 87 115 149 17 123 117 88 26 105 112 45 112 91 69 127 92 70 75 181 18 151 78 133 85 158 163 117 88 57 140 100 178 154 114 71 147 147 99 110 120 69 97 81 144 195 130 60 114 73 93 185 28 94 145 43 159 100 52 73 88 166 69 87 58 193 136 151 62 111 114 101 72 110 146 122 47 75 63 142 97 161 185 105 151 67 159 56 62 186 91 94 63 93 182 113 150 136 12 60 141 120 157 73 151 130 156 126 44 164 46 120 87 110 33 141 45 33 114 66 121 90 71 110 66 118 106 152 150 75 58 174 137 155 126 67 115 136 104 84 74 83 92 79 155 108 125 95 64 50 109 100 77 89 138 88 173 170 94 103 84 76 67 78 193 90 103 112 58 128 87 6 61 131 154 161 142 172 86 70 108 68 101 98 129 61 102 106 115 70 102 69 100 39 120 152 95 21 44 128 41 88 39 126 111 132 106 87 107 55 37 52 146 95 73 183 167 119 118 62 66 101 115 70 51 65 75 100 138 177 140 110 52 86 96 38 143 84 48 72 102 165 67 109 148 109 181 97 71 129 87 147 144 79 80 67 25 103 90 74 65 61 151 171 133 62 15 50 117 100 41 5 169 88 88 180 65 161 81 179 110 112 115 74 65 177 127 158 139 144 38 17 80 160 94 33 141 47 74 146 84 34 117 105 128 166 59 100 79 171 115 58 95 84 137 162 64 107 155 42 133 63 122 57 31 123 167 44 151 61 54 81 152 75 92 71 37 154 93 97 95 127 84 149 58 110 154 80 93 122 125 99 99 108 181 59 138 142 15 126 106 147 87 87 171 74 83 86 38 164 158 77 96 115 154 69 62 123 123 133 71 66 137 130 64 92 47 81 115 156 99 115 99 77 57 25 91 77 20 77 90 62 110 133 67 106 133 127 25 99 111 158 184 9 120 149 170 41 104 147 157 91 40 66 165 64 166 103 49 110 48 105 137 143 39 82 131 54 95 88 113 122 94 131 112 76 148 183 92 125 91 123 58 92 90 97 136 103 139 82 91 76 71 148 103 132 197 70 94 131 35 64 103 45 85 37 102 124 92 58 15 148 82 96 70 119 97 127 95 94 34 45 98 100 43 95 109 109 148 77 69 97 67 111 132 144 70 62 71 83 97 100 171 106 76 56 158 154 107 101 76 115 89 137 29 100 102 119 178 51 86 164 126 34 92 123 68 47 119 133 111 26 156 69 78 106 80 123 25 53 64 175 96 115 125 75 76 149 70 41 82 90 77 30 63 101 152 129 148 156 117 45 171 115 38 26 124 102 105 110 98 97 64 141 99 164 65 99 121 86 46 95 72 47 156 76 34 66 90 106 99 88 140 144 105 129 137 182 67 136 51 94 152 114 64 8 38 114 160 144 181 78 135 70 94 68 147 167 64 66 148 127 162 137 107 171 129 156 80 119 113 83 56 157 147 129 92 89 142 54 67 39 106 57 191 161 128 109 185 123 198 105 128 57 145 165 149 129 69 128 79 18 128 139 150 187 72 112 83 85 130 148 166 93 131 127 101 84 17 110 51 43 108 69 65 102 97 143 90 123 79 81 83 91 116 121 141 81 123 124 67 137 130 150 43 187 164 30 88 21 117 147 92 157 93 170 125 132 96 81 147 16 79 149 106 61 22 81 62 160 160 87 105 105 88 19 38 87 20 40 82 71 62 78 115 23 109 86 42 86 123 112 69 89 56 112 70 168 131 57 123 34 141 145 35 60 141 91 158 35 114 16 180 41 73 102 188 53 19 91 76 145 69 33 122 59 25 158 138 20 107 28 133 77 56 100 61 157 175 126 109 110 123 128 37 69 48 103 47 114 82 71 91 61 133 118 99 75 112 72 68 59 99 172 99 85 94 43 73 102 60 115 111 81 30 146 127 153 129 100 55 104 33 46 65 139 57 66 134 77 92 47 51 115 47 62 102 95 63 104 173 161 90 120 113 121 60 180 183 101 124 131 73 152 80 107 113 102 52 104 115 140 104 78 14 97 96 109 101 82 72 100 89 124 51 52 73 43 79 101 37 118 151 77 58 76 18 39 168 49 69 172 116 86 163 74 33 45 103 120 107 78 85 76 111 70 111 107 66 108 108 103 77 72 54 169 16 166 101 74 127 100 159 78 41 84 140 93 55 137 165 78 120 138 44 84 68 96 91 151 185 136 84 36 57 169 18 80 152 39 118 142 108 167 105 32 103 64 162 114 170 160 62 161 128 95 48 110 45 82 80 47 104 78 93 29 167 96 69 98 47 159 137 124 87 127 42 160 158 119 126 98 192 100 138 80 102 91 125 97 98 83 87 136 87 30 55 131 172 64 90 185 85 162 59 115 141 87 131 127 126 81 109 178 61 163 80 103 118 108 48 54 75 150 82 180 52 146 172 134 120 135 122 69 123 68 82 144 58 50 39 159 122 146 151 96 44 35 91 36 70 70 184 135 54 84 166 145 26 86 64 147 74 51 81 131 93 28 115 158 136 154 178 103 33 67 47 69 42 129 128 141 45 138 195 90 83 42 86 165 90 73 71 104 148 62 35 117 34 76 103 68 180 18 155 93 88 38 152 99 99 43 97 89 94 151 81 118 106 66 90 128 135 147 112 105 76 127 106 56 51 133 143 106 26 141 81 127 117 10 74 116 78 157 81 65 47 105 46 103 110 108 123 62 98 120 71 155 97 96 133 108 108 108 157 138 121 68 95 120 91 70 90 75 129 112 126 141 139 138 77 102 75 60 183 92 155 86 165 110 164 138 124 102 74 58 73 150 37 92 91 36 96 80 51 88 96 117 118 92 73 145 78 144 94 102 5 62 174 95 133 102 96 16 100 77 152 163 15 93 104 144 98 73 115 180 79 59 123 97 147 126 36 91 159 81 75 45 47 106 71 55 94 19 59 77 73 50 62 145 154 128 41 106 111 141 139 78 70 101 142 46 89 176 94 95 74 58 145 158 178 78 92 86 71 21 8 109 25 144 52 118 145 152 40 139 41 105 91 90 124 63 87 74 63 110 166 127 30 174 94 94 28 144 109 53 96 68 178 111 131 140 99 77 55 163 35 93 114 157 31 91 11 52 97 110 93 198 49 121 99 92 34 53 162 45 132 97 38 20 114 176 159 172 131 128 79 65 67 114 101 112 85 90 124 99 100 112 123 109 108 74 118 91 88 97 62 78 63 66 19 175 100 160 59 91 71 56 88 38 112 148 81 78 114 139 77 148 40 82 101 106 112 107 119 139 125 51 123 99 50 165 49 34 193 88 90 146 71 111 173 143 94 159 53 133 49 73 157 75 89 31 19 76 98 194 57 100 158 27 45 119 69 125 147 106 94 71 37 81 38 125 162 119 101 113 186 190 141 95 64 163 175 64 81 13 56 68 130 139 190 100 57 107 84 77 72 100 138 79 49 87 160 131 92 73 161 169 95 89 139 174 120 113 60 71 98 141 89 93 106 28 26 50 113 145 112 87 130 91 145 92 66 76 105 172 145 126 75 77 37 21 175 154 85 78 89 83 160 146 9 38 112 128 82 88 111 88 31 123 119 174 129 131 98 141 89 101 109 113 154 77 119 89 63 132 121 112 133 134 37 104 111 13 122 94 126 14 108 69 51 125 99 68 46 86 162 118 89 66 32 128 82 104 65 119 122 74 142 130 56 117 18 78 87 93 165 113 59 98 166 136 124 9 180 113 79 162 124 9 46 142 61 178 118 66 77 169 39 105 110 105 136 141 140 4 98 61 127 46 17 106 148 46 87 101 134 158 162 112 57 82 85 86 57 83 136 60 75 61 50 39 186 59 146 80 18 73 84 38 83 77 116 92 72 81 140 164 73 114 112 88 95 107 50 36 107 131 122 131 134 187 152 68 137 135 86 46 6 95 192 89 114 82 113 140 98 88 102 24 135 130 126 88 96 65 86 82 98 190 62 126 156 97 93 99 122 137 113 77 100 86 99 93 34 157 115 32 55 16 133 87 181 88 160 159 171 143 114 30 91 35 83 149 102 85 131 26 173 82 100 66 127 44 90 99 111 125 139 63 151 41 160 125 72 101 108 28 134 94 103 37 192 106 98 36 28 158 54 140 103 179 133 99 93 91 78 121 132 128 181 16 38 79 93 135 87 69 132 122 172 100 77 24 128 105 89 80 136 163 89 73 86 86 163 73 65 117 135 66 89 73 67 72 91 69 180 28 170 169 124 117 29 104 188 126 130 91 53 64 9 158 94 40 47 45 131 165 42 84 41 149 89 98 11 120 143 164 78 119 87 180 76 89 191 61 81 143 119 123 182 100 97 152 73 86 114 73 123 83 50 140 118 73 137 166 46 121 147 22 175 49 155 42 50 9 133 148 80 8 184 9 126 47 94 104 52 57 99 103 51 90 88 121 82 173 69 61 104 145 94 132 114 34 114 111 60 118 140 140 170 128 46 124 125 79 123 163 91 138 129 140 72 100 78 84 58 158 89 89 90 92 129 109 107 68 84 114 87 173 105 166 60 42 162 133 127 140 21 70 22 35 20 108 89 99 88 95 118 81 137 111 117 128 143 46 158 192 113 122 48 89 46 80 113 121 189 164 163 80 190 74 112 82 141 118 44 109 64 121 112 35 64 175 109 109 120 144 137 95 164 104 36 147 147 101 103 153 105 127 79 129 112 124 162 140 94 131 8 136 44 46 98 150 132 30 186 84 53 93 27 58 154 21 34 179 22 160 158 87 50 43 107 16 150 25 155 184 102 107 83 128 132 69 118 106 118 64 70 121 46 128 37 66 90 114 46 123 100 47 88 67 168 160 152 153 53 125 107 8 165 158 52 124 54 141 138 145 96 124 104 83 70 47 85 31 43 122 64 102 98 29 13 60 141 173 98 93 135 119 165 41 76 102 84 131 78 106 79 148 63 37 78 113 92 61 96 16 123 125 23 73 100 85 130 120 101 185 132 107 51 121 103 45 149 162 138 184 94 167 171 134 137 127 123 60 58 130 37 95 111 17 130 11 139 47 125 157 102 158 113 128 95 114 114 117 135 40 54 45 145 68 168 152 145 140 133 153 110 130 89 101 85 39 93 155 44 109 93 176 69 7 142 29 83 81 71 59 100 112 87 84 150 112 104 99 112 103 114 142 128 114 112 93 56 162 66 45 150 82 36 54 153 87 77 166 58 81 149 27 27 137 128 112 96 62 144 173 19 185 90 99 53 116 19 98 77 84 119 77 106 116 113 84 86 106 176 79 58 144 139 98 54 174 129 117 68 128 10 43 137 151 102 60 157 102 74 114 53 155 147 111 133 152 142 95 132 21 59 128 63 69 152 76 75 181 151 43 98 70 51 165 67 96 64 94 50 112 121 76 35 129 126 88 94 81 92 87 92 99 131 94 137 24 125 55 182 175 120 160 129 95 60 25 141 150 117 138 90 140 131 34 160 104 50 50 114 94 82 67 51 84 104 109 40 57 79 179 62 84 179 169 147 68 104 149 72 99 80 83 189 46 132 136 110 31 77 85 115 101 59 178 132 124 146 121 120 85 133 127 50 62 114 67 35 123 52 75 33 125 169 114 85 105 150 152 76 159 97 146 118 183 94 57 78 117 78 28 33 125 140 140 77 126 71 124 136 87 70 21 91 72 4 115 90 100 62 55 117 141 138 141 71 82 102 94 109 95 116 95 121 95 76 77 35 112 112 177 156 106 57 134 81 106 113 126 138 52 145 118 76 131 76 76 69 127 85 84 72 143 95 128 42 150 100 154 90 46 147 173 161 135 69 129 138 77 54 135 77 129 46 34 145 139 180 58 11 136 97 107 99 149 17 31 125 168 122 55 143 130 183 195 89 97 67 119 22 143 92 132 120 7 98 157 85 84 19 106 80 143 124 166 89 109 63 98 100 172 102 61 73 151 153 74 135 107 127 118 64 103 102 103 91 63 49 86 130 95 98 94 105 171 79 99 127 100 95 18 90 178 173 166 149 59 83 114 48 143 119 142 79 70 52 60 97 97 92 120 28 79 113 128 66 54 47 90 47 41 38 4 163 27 42 142 88 139 110 27 94 25 109 136 142 101 27 40 80 35 89 65 99 127 164 71 149 58 45 86 110 25 102 53 108 68 33 4 46 104 42 68 63 57 172 174 104 70 131 83 37 95 123 111 87 149 69 92 186 107 67 80 59 109 77 91 119 150 119 111 96 108 83 93 67 143 169 116 66 45 112 177 75 159 86 109 89 60 144 153 45 110 82 113 102 82 125 130 151 37 119 121 125 107 99 80 101 85 117 157 154 108 79 145 139 68 188 35 166 53 102 140 70 97 104 98 116 96 86 126 107 135 103 153 82 74 87 109 143 85 19 58 70 145 167 99 143 178 101 60 80 112 62 74 77 104 14 115 80 157 110 103 132 52 136 105 82 146 83 109 84 102 132 79 149 135 36 111 114 51 158 108 40 49 143 140 61 42 79 161 58 114 149 92 96 108 118 185 49 63 116 44 104 129 103 87 125 82 132 149 26 24 101 142 102 133 33 148 141 97 90 105 27 128 64 96 70 128 79 136 157 122 106 108 101 127 110 46 113 71 18 132 151 173 97 48 50 4 80 64 127 143 60 73 55 147 170 141 72 36 174 164 110 79 155 89 102 140 167 58 172 130 173 114 115 147 52 113 161 78 78 99 103 106 76 87 15 121 83 121 90 160 58 35 43 126 84 42 30 93 59 80 87 179 86 28 98 112 74 184 75 100 67 83 15 80 21 76 117 112 133 137 12 44 122 163 64 124 60 97 80 89 119 161 67 45 79 62 74 81 145 161 114 90 83 125 109 173 134 190 57 168 73 141 52 34 79 46 33 50 130 109 74 109 177 137 98 44 67 84 172 118 50 36 74 105 174 47 47 80 163 107 88 180 122 90 37 78 63 145 131 140 152 34 170 171 97 58 39 106 96 82 84 61 78 57 122 152 149 127 157 87 68 85 102 185 142 96 21 93 86 7 133 115 100 61 104 50 90 105 139 151 84 107 102 92 71 33 101 155 62 144 102 112 123 95 70 150 155 115 107 68 25 118 67 143 41 45 91 117 133 141 155 75 92 105 94 61 118 80 141 90 153 139 151 50 92 89 82 124 41 88 121 161 120 80 140 125 139 78 58 9 130 100 39 60 80 56 69 165 124 178 44 78 94 45 156 83 110 107 132 84 155 60 69 79 41 56 88 65 102 66 102 117 142 95 64 43 91 87 123 100 128 97 91 95 91 107 84 105 53 143 68 116 112 75 92 19 117 111 150 78 115 86 56 138 159 141 34 120 90 14 118 134 120 125 113 153 123 110 48 149 128 86 107 154 50 32 165 63 109 99 114 28 190 142 125 101 51 108 127 14 124 122 62 125 38 45 91 117 74 154 101 135 98 146 97 49 120 85 90 70 55 137 136 116 92 124 61 167 66 39 120 149 103 155 47 32 113 90 102 137 148 148 84 58 169 73 100 55 145 112 115 126 69 139 113 168 80 140 151 94 136 99 99 98 89 151 44 150 141 187 92 74 5 97 98 64 130 112 138 119 121 56 150 41 171 6 51 125 131 100 101 128 43 99 110 115 187 59 12 85 187 75 70 90 108 105 186 103 127 102 167 113 120 100 113 175 58 144 125 122 141 72 74 126 119 15 128 75 137 86 65 100 99 177 136 40 64 103 42 73 147 121 95 59 141 150 109 160 158 100 38 173 162 127 177 79 81 61 108 97 197 108 118 84 45 48 49 97 117 161 117 129 6 167 98 144 59 115 135 110 90 7 20 38 75 86 52 137 120 146 97 144 74 137 128 97 67 112 162 157 92 94 146 132 133 40 130 39 59 186 167 85 118 108 65 89 79 69 106 105 79 92 31 89 50 116 90 18 79 102 152 118 53 69 76 24 69 149 145 138 120 144 111 74 162 71 67 172 173 87 35 181 88 31 38 74 57 120 73 103 7 59 110 87 98 86 106 101 184 111 165 54 71 126 126 140 137 59 128 93 174 152 3 60 152 101 88 82 21 140 59 109 94 98 21 97 41 99 114 113 50 76 91 88 91 90 171 73 134 89 159 72 61 110 64 111 57 142 73 59 107 84 18 33 28 125 73 77 125 119 147 110 96 103 76 95 57 23 55 101 143 124 96 134 115 57 138 36 109 120 76 41 113 54 41 127 46 134 100 178 103 98 175 130 58 63 73 58 88 89 150 134 97 122 26 142 83 99 72 77 133 16 122 122 26 94 131 56 85 80 78 99 59 24 158 56 131 124 127 162 123 76 160 43 73 170 107 77 59 54 97 70 71 107 170 86 104 74 114 113 68 189 100 195 161 109 163 38 52 56 30 27 155 165 123 135 101 36 94 92 72 172 139 110 106 159 99 147 80 142 100 73 81 84 152 138 122 154 8 152 86 91 86 38 124 135 41 30 65 66 155 56 137 104 133 53 125 125 67 36 156 121 135 67 65 59 101 106 89 21 145 113 103 80 68 101 112 121 27 7 135 94 94 112 83 106 141 94 43 118 117 118 69 105 93 150 59 58 91 48 90 129 42 56 97 34 107 99 27 71 136 153 86 93 93 164 71 84 52 130 76 140 152 129 156 122 39 105 40 154 32 66 94 187 103 100 51 120 89 84 157 42 149 129 66 112 99 78 105 60 46 54 77 67 59 57 110 53 95 119 70 49 73 15 31 113 118 20 136 157 97 146 80 136 53 148 57 145 35 115 35 98 109 132 22 125 95 110 14 54 143 103 185 91 128 160 98 80 100 167 162 77 48 123 129 110 23 164 136 51 98 101 118 79 177 171 75 79 114 91 75 125 69 52 100 101 188 87 87 74 35 133 185 117 91 137 104 102 99 102 98 124 124 90 65 79 58 76 64 142 105 74 157 47 112 98 88 116 106 19 32 156 160 85 133 107 48 61 98 117 112 92 47 92 126 131 97 155 134 139 112 92 70 30 34 72 167 89 153 123 114 80 55 32 107 111 119 92 78 22 94 122 154 50 93 75 33 151 59 93 73 88 74 143 163 115 63 45 16 79 93 97 98 90 10 167 70 116 111 133 98 91 94 65 43 148 92 83 77 101 97 119 102 97 116 159 76 104 161 13 14 53 95 114 183 103 91 37 101 30 157 129 53 146 50 49 118 136 87 153 86 78 53 172 20 124 90 62 1 104 98 83 97 110 44 72 54 91 104 48 64 71 73 111 159 73 175 67 47 166 142 30 41 100 155 21 109 26 148 150 164 120 32 91 71 140 91 39 38 51 115 90 134 101 58 52 56 90 132 118 123 169 67 128 98 35 86 185 104 132 168 134 101 125 85 70 50 97 105 57 109 23 156 69 85 96 132 74 109 151 83 156 74 172 114 51 152 120 106 86 59 47 81 46 16 100 97 76 160 116 143 92 77 108 108 103 86 62 85 178 74 18 137 100 132 49 151 102 84 173 115 7 126 123 88 129 30 169 150 157 86 62 104 146 121 91 98 93 97 89 84 111 96 115 100 46 112 145 160 47 94 108 108 119 58 131 99 131 79 56 100 38 168 165 79 185 83 140 74 91 107 127 78 112 144 111 108 82 53 74 96 123 83 112 80 89 77 70 151 34 65 68 112 92 124 115 112 99 93 26 159 74 90 98 114 95 88 49 104 104 165 105 98 89 128 128 43 98 66 39 34 116 136 173 138 71 173 102 123 67 181 55 145 121 89 30 126 109 104 108 106 129 42 44 131 100 94 41 123 95 122 92 138 135 98 74 78 116 91 40 30 117 131 110 180 109 94 107 96 78 86 113 71 86 179 128 169 87 73 116 41 57 83 114 73 79 43 145 63 45 92 31 100 126 123 42 67 141 27 69 152 23 74 59 81 102 71 39 124 101 61 62 169 139 51 122 131 34 148 55 81 104 104 68 111 37 171 48 140 101 105 80 128 148 61 184 43 64 84 136 94 139 142 104 106 81 105 119 76 116 19 65 161 156 96 169 100 64 61 147 61 76 136 100 142 105 125 44 76 52 125 113 54 101 139 101 44 93 120 73 59 123 67 153 145 89 110 26 73 86 88 153 121 92 122 116 102 157 128 138 67 160 66 102 75 99 180 96 69 39 170 75 57 108 36 135 77 89 114 129 93 140 90 112 36 74 176 90 35 115 103 52 111 159 98 129 18 192 27 109 127 142 94 115 115 112 130 163 138 159 140 105 46 101 119 154 169 58 123 131 66 69 54 116 69 151 78 68 103 64 103 123 131 62 71 122 94 87 37 103 174 96 184 79 84 142 128 146 141 79 70 50 109 160 20 152 83 95 63 65 22 61 83 50 35 175 126 65 140 67 148 113 152 76 22 186 101 98 84 141 166 80 106 14 31 79 94 141 134 65 69 95 100 70 80 3 140 58 90 63 38 94 128 193 53 43 127 138 53 59 82 51 25 74 143 108 176 177 45 85 38 121 93 118 71 58 120 76 117 76 100 135 68 25 41 154 52 99 103 123 71 126 99 108 150 27 125 29 83 128 139 117 86 114 45 113 79 122 25 89 128 132 100 145 26 65 70 87 107 79 64 132 148 128 100 100 144 67 103 74 103 27 131 134 123 127 138 21 72 117 60 104 137 153 117 109 147 128 142 109 107 155 97 61 125 57 68 155 183 12 35 110 76 112 177 132 54 85 28 139 87 44 50 50 81 98 75 38 93 129 107 89 179 166 67 27 110 182 62 99 116 147 57 181 107 116 111 96 73 84 85 34 86 85 160 83 67 76 151 145 121 146 108 129 60 103 151 112 131 170 156 107 129 89 59 102 101 46 80 116 122 162 112 53 69 160 89 109 53 35 131 92 41 84 81 98 50 28 29 120 11 89 90 119 98 97 124 85 85 82 120 110 127 107 73 129 177 110 87 73 42 59 94 117 116 91 108 115 98 77 109 90 190 121 136 71 135 75 82 123 129 79 83 114 157 68 32 84 103 147 84 7 19 77 103 178 163 103 126 115 105 128 77 83 136 92 140 68 143 152 181 85 79 151 137 110 136 113 139 70 179 109 49 91 108 91 100 119 95 77 119 44 127 97 92 103 115 50 99 31 143 79 165 125 164 100 62 139 185 85 155 147 128 112 120 71 133 87 114 85 131 104 109 56 169 140 125 92 99 143 134 148 140 72 39 96 151 105 137 103 118 103 132 27 102 89 69 30 63 89 128 101 41 84 102 65 157 59 117 141 60 37 100 98 117 84 163 70 96 69 77 128 52 91 137 96 50 142 27 95 84 72 112 52 101 120 102 117 70 46 61 133 103 128 74 78 97 121 135 138 52 113 103 113 122 76 94 158 114 125 139 115 141 30 120 154 137 178 71 61 165 69 166 98 114 146 44 29 100 92 125 19 130 100 169 41 99 175 82 117 100 159 124 124 38 127 73 97 69 120 66 113 113 107 39 93 141 64 128 150 153 126 150 9 153 89 32 34 97 129 31 11 49 80 143 184 150 43 62 130 15 65 46 107 35 56 57 91 134 102 72 80 69 104 46 105 110 87 89 60 63 110 136 116 117 97 66 181 51 96 74 65 34 123 22 171 71 47 116 78 58 148 131 133 132 67 75 77 102 76 101 88 84 67 29 65 82 94 64 28 93 153 60 136 126 103 131 81 133 115 50 88 72 135 155 74 53 87 128 124 120 87 120 82 104 174 32 75 71 81 45 61 62 176 79 91 81 120 139 127 111 71 47 75 54 78 94 162 41 15 43 100 155 154 130 18 118 128 110 114 183 107 23 66 21 102 100 120 45 53 155 46 150 80 128 130 143 75 128 109 149 132 157 102 164 84 102 109 88 103 62 99 107 159 167 112 29 137 52 117 86 134 94 72 85 96 63 186 79 59 113 96 104 120 97 135 135 120 61 96 114 139 109 46 149 118 121 10 90 73 57 158 117 70 134 44 151 72 128 100 42 140 105 93 68 121 57 25 86 122 42 110 81 114 149 28 126 189 40 115 112 106 40 42 31 13 110 66 109 11 112 69 19 84 38 61 96 162 80 45 95 111 41 52 152 159 78 117 112 146 141 65 68 99 77 110 169 131 126 84 103 135 89 79 169 137 105 127 44 71 96 101 106 148 60 37 43 77 18 130 97 76 95 69 96 131 150 107 143 105 127 128 72 100 177 67 96 88 58 118 175 93 93 112 100 107 132 113 129 121 95 162 169 72 93 165 168 113 40 109 138 33 160 57 17 100 17 147 113 108 50 96 38 136 54 138 152 85 91 63 48 108 91 118 77 132 76 187 91 46 172 183 78 13 107 139 155 49 79 30 143 102 38 28 60 33 43 165 105 58 79 115 65 105 118 183 67 101 109 66 68 110 83 12 112 76 84 68 142 95 90 17 108 86 139 149 88 124 115 157 99 106 157 108 53 146 137 142 110 107 88 90 115 71 177 131 152 95 149 75 151 100 184 111 56 9 155 35 11 84 147 88 154 131 66 111 64 71 108 138 126 115 58 85 89 126 58 102 108 133 145 111 60 91 117 72 43 95 97 99 163 76 65 43 154 100 13 54 105 60 72 147 106 187 109 103 138 151 107 90 135 130 60 112 142 113 63 157 109 167 92 56 44 154 45 129 132 73 124 141 45 137 110 49 120 150 145 63 162 104 138 70 90 29 115 134 99 111 105 164 62 76 74 157 93 41 90 90 191 93 120 62 62 95 88 131 91 166 137 178 102 113 82 117 115 160 134 79 109 94 91 110 125 138 82 171 155 15 15 58 58 17 150 98 67 155 193 142 101 82 80 31 124 73 156 182 94 104 142 112 115 57 40 19 94 141 13 107 118 125 67 163 137 114 39 157 96 128 73 99 93 84 144 122 106 25 84 15 98 83 170 193 25 151 173 170 65 144 119 94 61 106 167 80 157 66 185 61 78 166 69 135 116 39 160 141 60 68 124 91 71 74 170 25 91 28 85 143 54 103 94 54 80 66 110 154 154 126 65 65 93 82 149 123 77 89 81 126 132 66 185 147 101 30 90 121 113 64 109 136 79 148 80 94 141 82 13 83 62 146 89 49 151 98 78 76 92 131 106 141 120 101 83 124 61 106 181 34 37 82 109 65 149 55 62 47 61 145 147 43 117 109 157 120 106 125 35 73 17 64 87 104 78 35 163 128 102 58 32 47 91 67 118 64 88 123 88 153 77 74 116 46 172 64 48 134 103 82 135 162 157 114 122 110 85 120 60 118 101 174 74 100 135 127 113 92 31 23 25 66 145 41 111 142 32 106 87 89 92 71 89 72 51 104 187 118 137 165 133 128 106 98 102 27 122 165 83 121 96 122 156 83 74 124 117 180 80 50 100 53 91 63 45 101 148 104 132 155 133 49 52 88 122 113 49 124 164 97 81 119 180 74 82 106 116 52 143 146 107 128 102 106 94 103 48 115 122 59 115 107 93 86 90 158 56 101 120 61 82 42 118 80 75 48 38 96 47 148 103 141 119 84 115 76 65 42 1 167 77 8 54 53 71 154 130 76 39 117 164 92 73 174 78 90 116 69 108 157 13 169 98 98 98 80 160 179 36 106 101 90 102 82 84 52 101 161 102 74 101 145 125 36 53 161 29 123 145 142 88 111 138 88 147 153 176 168 66 93 147 81 106 89 166 150 125 100 97 138 64 162 134 138 183 161 139 33 11 155 153 91 43 22 130 43 146 117 127 108 102 48 97 129 97 137 55 105 102 120 120 148 112 148 97 84 56 49 63 114 149 140 111 155 49 40 100 117 90 102 153 70 36 66 168 79 187 113 122 82 88 53 81 62 61 60 130 93 14 118 117 85 164 91 91 177 119 99 128 120 99 57 87 50 77 157 117 19 48 68 126 104 76 149 142 109 36 22 52 115 103 127 75 152 76 59 124 74 91 86 116 94 144 154 104 158 174 95 107 124 6 52 64 102 127 96 126 132 47 17 125 106 84 44 77 33 107 80 92 113 98 109 49 51 158 140 108 88 130 114 136 50 93 111 165 95 88 86 166 78 117 182 102 121 137 123 103 153 85 15 125 128 128 177 45 122 68 70 86 117 79 96 100 40 133 128 61 67 174 124 31 109 59 105 66 106 146 130 138 132 138 45 128 118 123 110 77 66 177 112 134 64 63 90 72 63 114 56 117 131 81 111 188 25 113 150 73 155 150 56 90 133 68 98 62 69 62 22 103 86 82 42 61 101 49 10 69 84 70 61 95 143 86 98 30 109 168 110 96 98 63 117 81 137 89 143 57 139 121 172 81 116 169 60 193 58 60 155 68 60 95 111 110 149 90 61 130 4 115 147 149 120 19 30 55 123 89 97 20 113 36 125 114 134 128 82 192 83 80 161 121 121 68 113 125 97 104 86 103 50 27 112 84 67 148 100 105 94 100 48 98 47 134 53 154 146 58 144 117 131 105 118 123 87 78 137 10 42 129 38 41 85 51 144 162 69 154 168 32 81 102 159 109 171 105 29 118 58 138 143 93 93 98 111 109 72 17 98 150 193 110 18 124 142 26 116 91 21 57 74 78 114 53 110 115 39 9 138 60 78 67 23 120 24 103 121 111 66 151 19 157 82 78 54 81 105 121 124 83 108 64 148 85 177 122 41 35 120 93 93 97 34 131 137 114 99 115 88 123 84 122 90 183 92 92 157 87 148 112 85 84 111 89 161 104 110 126 73 138 100 81 69 67 44 59 115 34 61 121 134 84 160 69 102 138 59 129 87 98 95 61 114 116 156 114 76 12 132 106 112 115 152 84 46 99 147 23 176 57 161 119 76 198 96 91 182 113 96 166 104 46 28 156 92 127 129 169 66 72 180 129 137 49 96 17 113 121 113 65 55 51 91 167 138 72 155 53 84 62 86 141 126 89 138 23 94 107 104 39 58 116 97 88 187 186 91 107 119 100 102 149 102 80 138 78 90 9 25 129 107 122 11 67 97 124 131 77 111 39 89 70 53 84 92 67 166 144 115 56 95 116 37 130 61 79 110 103 78 74 98 115 146 122 120 77 76 144 58 56 143 127 67 105 101 34 113 94 137 100 176 135 76 122 98 103 179 97 11 101 50 97 160 92 38 120 104 48 15 122 126 100 127 162 34 86 155 33 133 140 30 101 170 116 173 54 132 119 122 66 92 31 163 156 44 179 163 39 104 146 27 134 77 23 132 100 167 54 41 168 181 77 43 126 144 34 81 110 27 42 56 103 108 68 36 30 73 70 58 69 124 71 107 36 105 87 125 39 157 120 101 115 33 72 150 48 48 142 74 174 130 67 88 80 113 118 75 8 108 114 15 81 72 103 53 150 88 39 112 131 91 175 77 116 81 72 37 122 111 123 157 103 134 148 156 122 81 63 21 73 110 113 101 103 159 80 169 98 23 135 121 72 107 79 119 17 79 104 126 44 29 90 83 83 149 61 86 48 80 37 112 86 140 182 133 49 85 111 136 61 162 117 168 104 49 57 94 79 163 136 138 152 150 75 35 160 117 98 123 112 100 105 126 80 149 42 45 98 47 176 77 93 149 142 106 111 73 102 145 117 159 109 133 68 108 77 17 4 96 155 121 109 42 160 91 53 89 138 128 53 157 112 101 12 100 50 93 159 59 24 85 56 151 86 68 86 85 54 72 31 191 40 99 178 79 67 26 51 38 117 65 34 70 149 70 149 80 105 145 144 68 159 116 86 178 95 50 156 176 147 182 121 106 99 76 123 99 141 138 161 154 169 106 26 108 80 125 107 63 43 41 85 153 92 149 99 103 147 85 96 173 138 102 124 93 74 166 119 40 112 86 100 79 155 81 80 147 101 111 28 177 115 76 189 92 115 44 130 49 116 48 89 96 105 27 98 139 74 166 158 78 121 56 110 46 89 117 144 147 94 89 133 110 84 54 175 11 166 85 70 56 132 99 31 99 57 110 136 87 149 166 64 115 160 44 54 78 136 134 81 121 135 120 124 61 5 101 65 130 176 91 97 136 44 43 70 88 118 64 83 35 27 98 91 34 62 98 124 177 100 113 110 100 160 71 54 45 87 107 175 106 107 104 130 131 100 40 104 78 104 59 144 95 91 121 124 114 94 120 89 106 120 129 53 104 137 31 78 105 172 23 81 127 146 184 142 23 186 33 106 150 180 98 120 43 81 68 45 34 70 8 90 117 67 115 142 116 37 87 32 144 93 76 119 112 165 87 132 103 107 123 87 92 103 63 75 71 88 57 163 149 20 143 39 78 108 142 187 63 76 52 109 52 166 32 44 117 37 81 71 194 107 27 144 120 127 61 159 67 36 103 180 82 95 148 116 167 139 183 106 90 18 32 58 149 139 47 118 103 123 33 175 142 146 94 145 118 139 70 41 29 140 97 115 16 65 36 137 72 54 59 85 75 104 101 90 79 32 105 127 92 161 155 119 180 100 49 97 115 112 68 71 86 27 28 101 115 77 93 103 99 85 62 104 115 132 119 79 78 185 75 108 117 74 58 116 164 135 82 48 166 169 110 118 81 117 55 103 92 91 75 113 149 65 82 113 147 118 73 169 98 117 56 90 94 137 149 168 91 140 86 49 127 90 42 77 183 91 99 34 100 54 16 37 110 111 54 148 113 126 87 75 146 63 78 97 38 99 80 125 105 99 115 175 120 70 164 92 77 19 84 85 158 144 124 21 118 84 147 71 150 131 155 134 126 34 131 169 142 40 141 104 135 139 79 68 145 19 103 120 114 68 124 38 119 79 85 128 135 98 5 163 24 171 82 40 64 104 60 165 116 57 134 112 95 120 105 88 53 54 109 144 91 112 128 126 76 164 85 126 37 28 116 130 47 168 81 78 51 113 142 40 66 95 94 87 130 87 64 128 100 187 95 54 144 23 173 34 45 168 107 104 185 136 113 130 91 26 106 108 70 168 158 106 124 78 85 77 125 86 179 78 6 158 60 71 123 13 124 198 163 122 105 88 98 59 127 18 109 184 133 34 162 33 109 76 101 112 38 150 84 78 82 122 41 169 76 119 53 139 39 98 116 155 74 105 128 59 141 115 134 55 68 110 103 89 90 35 114 164 62 114 84 105 34 98 91 135 13 37 59 76 175 110 101 107 150 92 140 113 124 143 63 169 98 113 113 110 102 157 150 129 45 129 155 54 114 167 94 140 165 180 140 22 112 177 110 83 104 136 98 30 117 110 55 47 30 113 90 87 70 55 149 90 28 120 61 86 57 97 41 43 88 111 141 190 140 151 120 99 92 65 98 187 49 106 49 25 66 176 47 85 101 42 23 45 166 174 177 179 156 93 83 126 127 121 85 47 46 84 130 120 67 72 101 95 160 93 110 77 65 94 166 131 146 130 165 111 92 124 123 111 70 83 159 145 132 152 48 86 79 126 78 145 134 138 188 173 112 69 75 74 10 84 154 64 150 114 96 81 80 77 109 31 89 45 155 56 64 52 160 40 145 94 68 141 106 42 121 132 137 134 118 66 83 82 39 78 116 71 53 144 71 92 60 156 34 93 148 58 164 35 81 170 96 99 98 104 155 124 9 81 51 93 120 101 75 61 86 88 125 108 88 157 146 125 117 101 168 174 178 93 76 26 104 100 79 104 100 127 93 150 106 86 137 102 21 71 21 99 80 23 72 16 91 154 97 95 108 68 47 112 95 122 65 104 90 127 95 113 105 49 141 85 152 102 137 136 159 63 157 41 77 96 92 139 98 108 105 103 129 68 93 102 30 74 112 114 61 118 153 142 57 127 109 126 75 148 12 51 76 122 39 54 85 41 98 84 126 100 141 65 27 61 178 65 150 138 137 53 145 83 119 129 111 142 68 154 60 76 156 92 11 120 103 97 110 18 102 143 155 108 127 116 131 130 160 88 60 56 118 4 125 107 93 85 92 112 63 33 72 108 169 5 103 131 118 76 70 108 125 96 35 100 145 84 28 70 145 152 39 38 121 167 123 172 51 84 62 122 169 163 50 188 127 177 72 140 142 153 97 73 54 169 154 99 98 125 34 106 66 111 53 92 88 154 141 104 53 124 45 144 179 70 127 166 71 79 88 165 130 139 182 105 84 98 90 79 57 33 127 135 44 77 33 64 164 135 80 125 61 122 117 79 55 122 118 89 159 58 31 120 57 71 141 120 93 72 123 95 164 20 74 101 127 106 51 19 149 34 41 123 97 99 24 123 129 44 183 173 107 23 146 49 121 54 192 104 44 83 95 75 126 89 60 151 178 181 71 45 73 63 152 112 38 81 95 100 155 186 104 119 113 128 154 158 70 78 166 122 98 98 109 113 87 119 94 98 93 94 101 110 78 116 26 96 79 112 110 148 46 161 48 145 66 54 36 135 154 117 72 58 73 166 79 41 114 27 79 102 127 113 153 108 60 34 142 136 116 153 119 79 102 49 175 134 125 24 51 110 73 138 107 159 42 34 95 81 75 126 150 52 115 97 97 98 115 94 125 158 109 111 63 84 83 108 147 109 37 159 124 87 29 72 103 115 187 182 46 66 130 42 58 21 131 85 93 78 49 168 126 56 47 59 94 48 147 145 53 50 176 77 110 74 135 137 86 157 117 83 139 102 131 84 137 170 94 82 96 53 89 107 132 38 63 47 83 79 34 41 119 80 56 126 72 111 154 103 55 76 131 144 90 39 45 69 103 164 80 21 55 183 106 153 56 75 121 68 6 65 87 110 109 122 151 106 29 48 121 63 76 36 96 17 99 103 127 56 172 130 27 3 132 101 156 119 133 132 157 61 138 145 59 174 32 44 63 24 107 141 78 45 110 80 157 144 70 140 64 74 117 36 92 134 77 167 157 127 110 99 122 118 183 101 137 123 119 149 101 97 152 91 94 45 139 73 146 124 192 98 82 91 112 116 114 116 34 78 51 22 106 121 147 50 63 128 114 147 177 116 115 89 38 116 93 47 144 94 101 126 74 160 86 50 41 111 130 88 71 119 85 109 98 72 97 51 42 128 67 125 162 16 103 58 102 125 108 140 93 64 93 79 57 77 136 166 78 4 188 139 82 24 123 123 148 114 91 110 100 111 99 196 12 112 118 60 171 21 141 161 84 121 142 117 106 143 79 80 118 104 110 112 56 120 139 64 143 56 83 30 166 69 88 99 74 171 160 155 28 180 49 50 168 143 88 98 93 86 37 74 154 149 134 47 66 173 138 138 103 64 94 61 49 111 88 147 20 68 70 154 66 96 71 89 85 36 140 40 174 129 146 84 111 154 182 72 131 12 142 121 85 140 161 78 103 92 82 157 137 96 75 113 111 97 58 23 150 189 136 111 117 31 144 181 46 151 125 117 152 64 119 75 122 115 55 94 115 160 131 44 81 59 57 110 109 189 127 119 79 90 108 67 101 50 97 67 177 114 155 138 83 77 54 101 76 106 71 39 16 47 77 141 124 75 193 108 146 118 49 95 172 83 46 194 130 133 124 118 30 33 100 78 72 76 113 129 120 130 183 187 164 93 136 182 91 170 145 71 84 41 111 196 70 140 137 117 25 161 124 93 97 6 43 109 110 145 159 78 178 98 100 116 103 186 127 135 48 81 107 88 142 132 50 113 103 82 99 119 83 44 167 112 111 143 14 18 149 24 98 45 164 88 149 68 109 91 91 153 160 8 103 173 170 125 85 88 73 50 62 46 131 108 35 69 113 52 108 33 61 121 107 149 115 66 86 117 163 128 59 144 21 81 140 86 147 121 108 32 60 132 63 103 144 64 118 145 134 91 88 47 86 89 166 81 104 20 120 161 26 92 135 104 88 44 109 36 52 35 97 74 61 32 107 102 21 109 82 112 168 61 45 46 99 77 116 109 43 83 141 93 62 92 27 124 117 115 141 150 106 26 103 83 41 98 97 52 144 85 119 38 125 57 185 145 91 129 124 65 96 108 48 92 84 15 170 43 78 140 137 70 112 131 96 115 77 63 89 102 123 157 19 98 106 135 149 159 122 31 68 113 5 63 68 70 85 97 85 137 112 57 82 173 71 73 55 145 7 97 104 113 76 159 150 119 152 94 84 4 17 102 62 136 125 69 54 86 138 101 133 91 89 135 142 124 136 42 101 173 151 36 154 112 88 21 132 145 67 105 66 92 75 144 101 75 122 135 164 110 144 59 139 96 84 41 88 146 123 122 74 88 92 12 54 103 33 147 108 37 81 132 87 131 141 112 94 89 58 22 50 105 139 120 32 99 158 167 140 144 122 20 79 99 45 156 68 58 64 89 120 108 96 50 80 171 62 55 92 62 134 46 129 93 58 113 40 146 99 121 110 39 74 87 173 44 124 46 123 160 126 156 44 130 143 106 89 98 160 145 125 63 123 102 119 36 105 133 77 113 96 29 154 148 124 108 130 120 96 116 171 116 161 57 57 158 106 81 190 72 98 123 44 141 137 110 27 144 146 19 94 28 101 147 51 76 52 125 149 61 87 115 91 146 104 104 49 146 172 102 123 117 79 132 104 174 154 122 36 97 115 126 55 112 57 133 110 47 166 105 139 128 73 10 117 68 44 121 126 86 76 94 39 124 169 115 57 57 162 139 135 158 166 20 25 138 153 34 164 50 135 101 141 166 98 147 75 61 105 98 45 89 163 66 66 127 60 93 150 115 115 106 56 69 78 97 117 121 173 174 161 74 141 22 75 56 34 15 111 132 92 75 55 115 77 147 61 150 123 187 59 97 114 34 75 40 81 138 83 50 68 76 141 61 74 59 168 119 105 66 93 112 136 105 108 82 21 36 44 146 67 111 25 131 99 134 85 136 98 70 99 135 81 114 78 147 38 143 102 62 120 144 75 153 8 122 150 65 84 117 58 9 123 62 116 45 60 125 89 47 157 66 160 106 94 119 110 102 102 167 167 168 144 131 74 104 140 156 31 132 39 95 141 160 180 108 144 126 65 54 159 77 78 127 122 108 124 81 84 52 83 132 97 142 70 101 86 88 36 72 86 106 139 61 136 26 103 125 53 171 106 122 109 116 60 117 92 89 170 100 112 121 130 107 16 36 132 184 134 94 98 87 113 111 187 80 156 53 141 190 65 61 99 100 47 81 36 84 152 20 145 122 104 117 42 57 123 76 104 63 110 171 114 153 77 81 81 86 88 164 13 147 150 85 147 45 60 114 143 27 101 117 131 139 167 90 106 92 99 169 141 140 85 177 163 57 58 110 112 75 135 96 90 35 90 124 49 48 108 76 37 103 76 63 172 119 92 109 

2 4 6 8 10 

